1.001878222928811901e+00 1.182039554601974851e+00 1.868289268901257849e-01
1.913593038738878205e+00 1.220163190301332357e+00 2.404270283464598756e-01
2.321695581143659037e-01 3.109060603547914581e-01 3.756134307468551176e-02
1.278161845153686693e+00 1.297503921442774821e+00 1.598089974615626296e-01
1.524846964567438956e-01 2.429106706408307170e-01 4.141913602700945246e-02
8.348514832991431600e-01 1.014052826714425759e+00 1.608983012118264944e-01
9.677380760285059225e-01 1.042394004277535480e+00 1.262102850392782250e-01
3.085251343723496298e-01 3.951276248191057938e-01 4.531208852500353407e-02
6.902129738971118922e-01 7.616420512303924140e-01 8.744100570805003747e-02
1.403166859705455849e+00 1.399830181048135280e+00 2.205412193655489905e-01
1.796502089357292720e+00 1.571695247054380351e+00 2.559690742743949698e-01
1.077720628198721498e+00 1.201996857630405868e+00 2.266225528870300654e-01
4.224044309750110138e-01 7.153083975170846376e-01 1.118985222203585234e-01
1.852130270508981269e+00 1.206866034603625959e+00 1.675825441810101513e-01
5.647555331301457038e-01 6.374545038985846013e-01 7.851348902355753667e-02
1.667867667849976865e+00 1.381358364262102345e+00 2.023518587731057139e-01
4.995665486268632272e-01 6.414581590254204713e-01 1.019773786522028269e-01
1.071424828445434407e+00 8.038371094711578291e-01 1.298771159742250492e-01
1.807673410997445940e+00 1.976968147816315913e+00 3.049359490532343453e-01
1.113309032845185564e+00 1.254435274319652294e+00 1.675616636927012570e-01
4.890494066195785194e-01 7.547691223667228888e-01 1.371311166021916272e-01
1.603697946134558405e+00 1.381054202330755931e+00 2.414540647330531697e-01
1.932990574164014985e+00 1.770830217474971047e+00 3.233034363682946166e-01
1.484201794366987404e+00 1.135008208333806667e+00 1.947376859899170587e-01
7.943963769422897059e-01 8.545086067553755438e-01 1.095143959070535022e-01
1.027655497638417570e+00 1.580676736701899898e+00 2.915654934802256459e-01
3.383822661269497711e-01 3.839643528405852768e-01 4.845996471293197855e-02
9.658487403137292482e-01 8.724679698025534780e-01 1.592412462738354850e-01
1.864002475647092982e-01 2.046939477151331621e-01 3.798666087385946244e-02
5.541375398928374274e-01 7.648037377702925355e-01 1.196040465194714852e-01
1.578321674412170417e+00 2.045344049982761092e+00 3.103257188143117018e-01
1.706488773560233430e+00 1.755997936820479444e+00 1.770069762075310305e-01
1.720861876207082419e+00 1.637855788079125352e+00 3.100335079960296891e-01
1.885694333256253685e-01 2.727934222850161294e-01 4.755474095707352272e-02
1.706958739165180816e+00 1.025311937666698814e+00 1.747249866658308892e-01
1.962733321221751481e+00 1.351881844829990742e+00 2.617691100320455044e-01
9.555794390041976172e-01 1.246894912412917833e+00 2.223233678378646050e-01
1.501905773561599267e+00 1.340334646542156394e+00 1.630961053663514682e-01
2.505483663334651112e-01 3.707241170298199440e-01 6.522707634727965831e-02
6.148179414862249281e-01 8.465966247121703425e-01 1.343890418116559238e-01
1.728910068385390630e+00 1.964127724158875932e+00 2.953380637197616232e-01
6.873129219823459479e-02 9.097132353449832731e-02 1.577517360066822347e-02
6.085802805847362329e-02 8.909203779986257787e-02 1.250839948760298567e-02
1.301051144690908323e+00 1.595241928158204647e+00 2.692250317801823112e-01
1.895142765108761340e+00 1.813939217353685684e+00 3.597269996953164628e-01
1.253189904868063032e+00 1.213297749415073179e+00 1.811505786474603974e-01
1.068994593847248042e+00 1.377108461022065189e+00 2.099355059297487169e-01
4.469840640781879149e-01 7.053967053358541905e-01 1.338771327189463012e-01
1.032210280063999841e+00 1.250686502574089198e+00 2.411796728137861057e-01
1.753946538100641162e+00 1.912627546477491336e+00 2.216206736637637287e-01
